{
 "cells": [
  {
   "cell_type": "code",
   "execution_count": 1,
   "id": "1fff5a03",
   "metadata": {},
   "outputs": [],
   "source": [
    "import pandas as pd\n",
    "import zipfile\n",
    "\n",
    "zf = zipfile.ZipFile(r'C:\\Users\\smnsr\\Downloads\\justynaCase.zip') \n",
    "df = pd.read_csv(zf.open('AAPL.csv'))"
   ]
  },
  {
   "cell_type": "code",
   "execution_count": 2,
   "id": "8f18cc2d",
   "metadata": {},
   "outputs": [
    {
     "data": {
      "text/html": [
       "<div>\n",
       "<style scoped>\n",
       "    .dataframe tbody tr th:only-of-type {\n",
       "        vertical-align: middle;\n",
       "    }\n",
       "\n",
       "    .dataframe tbody tr th {\n",
       "        vertical-align: top;\n",
       "    }\n",
       "\n",
       "    .dataframe thead th {\n",
       "        text-align: right;\n",
       "    }\n",
       "</style>\n",
       "<table border=\"1\" class=\"dataframe\">\n",
       "  <thead>\n",
       "    <tr style=\"text-align: right;\">\n",
       "      <th></th>\n",
       "      <th>Date</th>\n",
       "      <th>High</th>\n",
       "      <th>Low</th>\n",
       "      <th>Open</th>\n",
       "      <th>Close</th>\n",
       "      <th>Volume</th>\n",
       "      <th>Adj Close</th>\n",
       "    </tr>\n",
       "  </thead>\n",
       "  <tbody>\n",
       "    <tr>\n",
       "      <th>0</th>\n",
       "      <td>2017-11-13</td>\n",
       "      <td>43.625000</td>\n",
       "      <td>43.349998</td>\n",
       "      <td>43.375000</td>\n",
       "      <td>43.492500</td>\n",
       "      <td>67928400.0</td>\n",
       "      <td>41.357002</td>\n",
       "    </tr>\n",
       "    <tr>\n",
       "      <th>1</th>\n",
       "      <td>2017-11-14</td>\n",
       "      <td>43.369999</td>\n",
       "      <td>42.794998</td>\n",
       "      <td>43.259998</td>\n",
       "      <td>42.834999</td>\n",
       "      <td>99130000.0</td>\n",
       "      <td>40.731789</td>\n",
       "    </tr>\n",
       "    <tr>\n",
       "      <th>2</th>\n",
       "      <td>2017-11-15</td>\n",
       "      <td>42.580002</td>\n",
       "      <td>42.095001</td>\n",
       "      <td>42.492500</td>\n",
       "      <td>42.270000</td>\n",
       "      <td>116632400.0</td>\n",
       "      <td>40.194534</td>\n",
       "    </tr>\n",
       "    <tr>\n",
       "      <th>3</th>\n",
       "      <td>2017-11-16</td>\n",
       "      <td>42.967499</td>\n",
       "      <td>42.575001</td>\n",
       "      <td>42.794998</td>\n",
       "      <td>42.775002</td>\n",
       "      <td>94550000.0</td>\n",
       "      <td>40.674740</td>\n",
       "    </tr>\n",
       "    <tr>\n",
       "      <th>4</th>\n",
       "      <td>2017-11-17</td>\n",
       "      <td>42.847500</td>\n",
       "      <td>42.410000</td>\n",
       "      <td>42.759998</td>\n",
       "      <td>42.537498</td>\n",
       "      <td>87598000.0</td>\n",
       "      <td>40.448902</td>\n",
       "    </tr>\n",
       "  </tbody>\n",
       "</table>\n",
       "</div>"
      ],
      "text/plain": [
       "         Date       High        Low       Open      Close       Volume  \\\n",
       "0  2017-11-13  43.625000  43.349998  43.375000  43.492500   67928400.0   \n",
       "1  2017-11-14  43.369999  42.794998  43.259998  42.834999   99130000.0   \n",
       "2  2017-11-15  42.580002  42.095001  42.492500  42.270000  116632400.0   \n",
       "3  2017-11-16  42.967499  42.575001  42.794998  42.775002   94550000.0   \n",
       "4  2017-11-17  42.847500  42.410000  42.759998  42.537498   87598000.0   \n",
       "\n",
       "   Adj Close  \n",
       "0  41.357002  \n",
       "1  40.731789  \n",
       "2  40.194534  \n",
       "3  40.674740  \n",
       "4  40.448902  "
      ]
     },
     "execution_count": 2,
     "metadata": {},
     "output_type": "execute_result"
    }
   ],
   "source": [
    "df.head()"
   ]
  },
  {
   "cell_type": "code",
   "execution_count": 3,
   "id": "30a462f3",
   "metadata": {},
   "outputs": [
    {
     "data": {
      "text/html": [
       "<div>\n",
       "<style scoped>\n",
       "    .dataframe tbody tr th:only-of-type {\n",
       "        vertical-align: middle;\n",
       "    }\n",
       "\n",
       "    .dataframe tbody tr th {\n",
       "        vertical-align: top;\n",
       "    }\n",
       "\n",
       "    .dataframe thead th {\n",
       "        text-align: right;\n",
       "    }\n",
       "</style>\n",
       "<table border=\"1\" class=\"dataframe\">\n",
       "  <thead>\n",
       "    <tr style=\"text-align: right;\">\n",
       "      <th></th>\n",
       "      <th>Date</th>\n",
       "      <th>High</th>\n",
       "      <th>Low</th>\n",
       "      <th>Open</th>\n",
       "      <th>Close</th>\n",
       "      <th>Volume</th>\n",
       "      <th>Adj Close</th>\n",
       "    </tr>\n",
       "  </thead>\n",
       "  <tbody>\n",
       "    <tr>\n",
       "      <th>0</th>\n",
       "      <td>2017-11-13</td>\n",
       "      <td>43.625000</td>\n",
       "      <td>43.349998</td>\n",
       "      <td>43.375000</td>\n",
       "      <td>43.492500</td>\n",
       "      <td>67928400.0</td>\n",
       "      <td>41.357002</td>\n",
       "    </tr>\n",
       "    <tr>\n",
       "      <th>1</th>\n",
       "      <td>2017-11-14</td>\n",
       "      <td>43.369999</td>\n",
       "      <td>42.794998</td>\n",
       "      <td>43.259998</td>\n",
       "      <td>42.834999</td>\n",
       "      <td>99130000.0</td>\n",
       "      <td>40.731789</td>\n",
       "    </tr>\n",
       "    <tr>\n",
       "      <th>2</th>\n",
       "      <td>2017-11-15</td>\n",
       "      <td>42.580002</td>\n",
       "      <td>42.095001</td>\n",
       "      <td>42.492500</td>\n",
       "      <td>42.270000</td>\n",
       "      <td>116632400.0</td>\n",
       "      <td>40.194534</td>\n",
       "    </tr>\n",
       "    <tr>\n",
       "      <th>3</th>\n",
       "      <td>2017-11-16</td>\n",
       "      <td>42.967499</td>\n",
       "      <td>42.575001</td>\n",
       "      <td>42.794998</td>\n",
       "      <td>42.775002</td>\n",
       "      <td>94550000.0</td>\n",
       "      <td>40.674740</td>\n",
       "    </tr>\n",
       "    <tr>\n",
       "      <th>4</th>\n",
       "      <td>2017-11-17</td>\n",
       "      <td>42.847500</td>\n",
       "      <td>42.410000</td>\n",
       "      <td>42.759998</td>\n",
       "      <td>42.537498</td>\n",
       "      <td>87598000.0</td>\n",
       "      <td>40.448902</td>\n",
       "    </tr>\n",
       "    <tr>\n",
       "      <th>...</th>\n",
       "      <td>...</td>\n",
       "      <td>...</td>\n",
       "      <td>...</td>\n",
       "      <td>...</td>\n",
       "      <td>...</td>\n",
       "      <td>...</td>\n",
       "      <td>...</td>\n",
       "    </tr>\n",
       "    <tr>\n",
       "      <th>1254</th>\n",
       "      <td>2022-11-07</td>\n",
       "      <td>139.149994</td>\n",
       "      <td>135.669998</td>\n",
       "      <td>137.110001</td>\n",
       "      <td>138.919998</td>\n",
       "      <td>83374600.0</td>\n",
       "      <td>138.919998</td>\n",
       "    </tr>\n",
       "    <tr>\n",
       "      <th>1255</th>\n",
       "      <td>2022-11-08</td>\n",
       "      <td>141.429993</td>\n",
       "      <td>137.490005</td>\n",
       "      <td>140.410004</td>\n",
       "      <td>139.500000</td>\n",
       "      <td>89908500.0</td>\n",
       "      <td>139.500000</td>\n",
       "    </tr>\n",
       "    <tr>\n",
       "      <th>1256</th>\n",
       "      <td>2022-11-09</td>\n",
       "      <td>138.550003</td>\n",
       "      <td>134.589996</td>\n",
       "      <td>138.500000</td>\n",
       "      <td>134.869995</td>\n",
       "      <td>74917800.0</td>\n",
       "      <td>134.869995</td>\n",
       "    </tr>\n",
       "    <tr>\n",
       "      <th>1257</th>\n",
       "      <td>2022-11-10</td>\n",
       "      <td>146.869995</td>\n",
       "      <td>139.500000</td>\n",
       "      <td>141.240005</td>\n",
       "      <td>146.869995</td>\n",
       "      <td>118854000.0</td>\n",
       "      <td>146.869995</td>\n",
       "    </tr>\n",
       "    <tr>\n",
       "      <th>1258</th>\n",
       "      <td>2022-11-11</td>\n",
       "      <td>150.009995</td>\n",
       "      <td>144.369995</td>\n",
       "      <td>145.820007</td>\n",
       "      <td>149.699997</td>\n",
       "      <td>93903800.0</td>\n",
       "      <td>149.699997</td>\n",
       "    </tr>\n",
       "  </tbody>\n",
       "</table>\n",
       "<p>1259 rows × 7 columns</p>\n",
       "</div>"
      ],
      "text/plain": [
       "            Date        High         Low        Open       Close       Volume  \\\n",
       "0     2017-11-13   43.625000   43.349998   43.375000   43.492500   67928400.0   \n",
       "1     2017-11-14   43.369999   42.794998   43.259998   42.834999   99130000.0   \n",
       "2     2017-11-15   42.580002   42.095001   42.492500   42.270000  116632400.0   \n",
       "3     2017-11-16   42.967499   42.575001   42.794998   42.775002   94550000.0   \n",
       "4     2017-11-17   42.847500   42.410000   42.759998   42.537498   87598000.0   \n",
       "...          ...         ...         ...         ...         ...          ...   \n",
       "1254  2022-11-07  139.149994  135.669998  137.110001  138.919998   83374600.0   \n",
       "1255  2022-11-08  141.429993  137.490005  140.410004  139.500000   89908500.0   \n",
       "1256  2022-11-09  138.550003  134.589996  138.500000  134.869995   74917800.0   \n",
       "1257  2022-11-10  146.869995  139.500000  141.240005  146.869995  118854000.0   \n",
       "1258  2022-11-11  150.009995  144.369995  145.820007  149.699997   93903800.0   \n",
       "\n",
       "       Adj Close  \n",
       "0      41.357002  \n",
       "1      40.731789  \n",
       "2      40.194534  \n",
       "3      40.674740  \n",
       "4      40.448902  \n",
       "...          ...  \n",
       "1254  138.919998  \n",
       "1255  139.500000  \n",
       "1256  134.869995  \n",
       "1257  146.869995  \n",
       "1258  149.699997  \n",
       "\n",
       "[1259 rows x 7 columns]"
      ]
     },
     "execution_count": 3,
     "metadata": {},
     "output_type": "execute_result"
    }
   ],
   "source": [
    "pd.DataFrame(df)"
   ]
  },
  {
   "cell_type": "code",
   "execution_count": 4,
   "id": "c85dfa15",
   "metadata": {},
   "outputs": [
    {
     "ename": "KeyError",
     "evalue": "('Close', 'Adj_Close')",
     "output_type": "error",
     "traceback": [
      "\u001b[1;31m---------------------------------------------------------------------------\u001b[0m",
      "\u001b[1;31mKeyError\u001b[0m                                  Traceback (most recent call last)",
      "\u001b[1;32m~\\anaconda3\\lib\\site-packages\\pandas\\core\\indexes\\base.py\u001b[0m in \u001b[0;36mget_loc\u001b[1;34m(self, key, method, tolerance)\u001b[0m\n\u001b[0;32m   3628\u001b[0m             \u001b[1;32mtry\u001b[0m\u001b[1;33m:\u001b[0m\u001b[1;33m\u001b[0m\u001b[1;33m\u001b[0m\u001b[0m\n\u001b[1;32m-> 3629\u001b[1;33m                 \u001b[1;32mreturn\u001b[0m \u001b[0mself\u001b[0m\u001b[1;33m.\u001b[0m\u001b[0m_engine\u001b[0m\u001b[1;33m.\u001b[0m\u001b[0mget_loc\u001b[0m\u001b[1;33m(\u001b[0m\u001b[0mcasted_key\u001b[0m\u001b[1;33m)\u001b[0m\u001b[1;33m\u001b[0m\u001b[1;33m\u001b[0m\u001b[0m\n\u001b[0m\u001b[0;32m   3630\u001b[0m             \u001b[1;32mexcept\u001b[0m \u001b[0mKeyError\u001b[0m \u001b[1;32mas\u001b[0m \u001b[0merr\u001b[0m\u001b[1;33m:\u001b[0m\u001b[1;33m\u001b[0m\u001b[1;33m\u001b[0m\u001b[0m\n",
      "\u001b[1;32m~\\anaconda3\\lib\\site-packages\\pandas\\_libs\\index.pyx\u001b[0m in \u001b[0;36mpandas._libs.index.IndexEngine.get_loc\u001b[1;34m()\u001b[0m\n",
      "\u001b[1;32m~\\anaconda3\\lib\\site-packages\\pandas\\_libs\\index.pyx\u001b[0m in \u001b[0;36mpandas._libs.index.IndexEngine.get_loc\u001b[1;34m()\u001b[0m\n",
      "\u001b[1;32mpandas\\_libs\\hashtable_class_helper.pxi\u001b[0m in \u001b[0;36mpandas._libs.hashtable.PyObjectHashTable.get_item\u001b[1;34m()\u001b[0m\n",
      "\u001b[1;32mpandas\\_libs\\hashtable_class_helper.pxi\u001b[0m in \u001b[0;36mpandas._libs.hashtable.PyObjectHashTable.get_item\u001b[1;34m()\u001b[0m\n",
      "\u001b[1;31mKeyError\u001b[0m: ('Close', 'Adj_Close')",
      "\nThe above exception was the direct cause of the following exception:\n",
      "\u001b[1;31mKeyError\u001b[0m                                  Traceback (most recent call last)",
      "\u001b[1;32m~\\AppData\\Local\\Temp\\ipykernel_2296\\947477669.py\u001b[0m in \u001b[0;36m<module>\u001b[1;34m\u001b[0m\n\u001b[1;32m----> 1\u001b[1;33m \u001b[0mdf\u001b[0m\u001b[1;33m[\u001b[0m\u001b[1;34m'Close'\u001b[0m\u001b[1;33m,\u001b[0m\u001b[1;34m'Adj_Close'\u001b[0m\u001b[1;33m]\u001b[0m\u001b[1;33m\u001b[0m\u001b[1;33m\u001b[0m\u001b[0m\n\u001b[0m",
      "\u001b[1;32m~\\anaconda3\\lib\\site-packages\\pandas\\core\\frame.py\u001b[0m in \u001b[0;36m__getitem__\u001b[1;34m(self, key)\u001b[0m\n\u001b[0;32m   3503\u001b[0m             \u001b[1;32mif\u001b[0m \u001b[0mself\u001b[0m\u001b[1;33m.\u001b[0m\u001b[0mcolumns\u001b[0m\u001b[1;33m.\u001b[0m\u001b[0mnlevels\u001b[0m \u001b[1;33m>\u001b[0m \u001b[1;36m1\u001b[0m\u001b[1;33m:\u001b[0m\u001b[1;33m\u001b[0m\u001b[1;33m\u001b[0m\u001b[0m\n\u001b[0;32m   3504\u001b[0m                 \u001b[1;32mreturn\u001b[0m \u001b[0mself\u001b[0m\u001b[1;33m.\u001b[0m\u001b[0m_getitem_multilevel\u001b[0m\u001b[1;33m(\u001b[0m\u001b[0mkey\u001b[0m\u001b[1;33m)\u001b[0m\u001b[1;33m\u001b[0m\u001b[1;33m\u001b[0m\u001b[0m\n\u001b[1;32m-> 3505\u001b[1;33m             \u001b[0mindexer\u001b[0m \u001b[1;33m=\u001b[0m \u001b[0mself\u001b[0m\u001b[1;33m.\u001b[0m\u001b[0mcolumns\u001b[0m\u001b[1;33m.\u001b[0m\u001b[0mget_loc\u001b[0m\u001b[1;33m(\u001b[0m\u001b[0mkey\u001b[0m\u001b[1;33m)\u001b[0m\u001b[1;33m\u001b[0m\u001b[1;33m\u001b[0m\u001b[0m\n\u001b[0m\u001b[0;32m   3506\u001b[0m             \u001b[1;32mif\u001b[0m \u001b[0mis_integer\u001b[0m\u001b[1;33m(\u001b[0m\u001b[0mindexer\u001b[0m\u001b[1;33m)\u001b[0m\u001b[1;33m:\u001b[0m\u001b[1;33m\u001b[0m\u001b[1;33m\u001b[0m\u001b[0m\n\u001b[0;32m   3507\u001b[0m                 \u001b[0mindexer\u001b[0m \u001b[1;33m=\u001b[0m \u001b[1;33m[\u001b[0m\u001b[0mindexer\u001b[0m\u001b[1;33m]\u001b[0m\u001b[1;33m\u001b[0m\u001b[1;33m\u001b[0m\u001b[0m\n",
      "\u001b[1;32m~\\anaconda3\\lib\\site-packages\\pandas\\core\\indexes\\base.py\u001b[0m in \u001b[0;36mget_loc\u001b[1;34m(self, key, method, tolerance)\u001b[0m\n\u001b[0;32m   3629\u001b[0m                 \u001b[1;32mreturn\u001b[0m \u001b[0mself\u001b[0m\u001b[1;33m.\u001b[0m\u001b[0m_engine\u001b[0m\u001b[1;33m.\u001b[0m\u001b[0mget_loc\u001b[0m\u001b[1;33m(\u001b[0m\u001b[0mcasted_key\u001b[0m\u001b[1;33m)\u001b[0m\u001b[1;33m\u001b[0m\u001b[1;33m\u001b[0m\u001b[0m\n\u001b[0;32m   3630\u001b[0m             \u001b[1;32mexcept\u001b[0m \u001b[0mKeyError\u001b[0m \u001b[1;32mas\u001b[0m \u001b[0merr\u001b[0m\u001b[1;33m:\u001b[0m\u001b[1;33m\u001b[0m\u001b[1;33m\u001b[0m\u001b[0m\n\u001b[1;32m-> 3631\u001b[1;33m                 \u001b[1;32mraise\u001b[0m \u001b[0mKeyError\u001b[0m\u001b[1;33m(\u001b[0m\u001b[0mkey\u001b[0m\u001b[1;33m)\u001b[0m \u001b[1;32mfrom\u001b[0m \u001b[0merr\u001b[0m\u001b[1;33m\u001b[0m\u001b[1;33m\u001b[0m\u001b[0m\n\u001b[0m\u001b[0;32m   3632\u001b[0m             \u001b[1;32mexcept\u001b[0m \u001b[0mTypeError\u001b[0m\u001b[1;33m:\u001b[0m\u001b[1;33m\u001b[0m\u001b[1;33m\u001b[0m\u001b[0m\n\u001b[0;32m   3633\u001b[0m                 \u001b[1;31m# If we have a listlike key, _check_indexing_error will raise\u001b[0m\u001b[1;33m\u001b[0m\u001b[1;33m\u001b[0m\u001b[0m\n",
      "\u001b[1;31mKeyError\u001b[0m: ('Close', 'Adj_Close')"
     ]
    }
   ],
   "source": [
    "df['Close','Adj_Close']"
   ]
  },
  {
   "cell_type": "code",
   "execution_count": 5,
   "id": "d18c7b11",
   "metadata": {},
   "outputs": [
    {
     "data": {
      "text/html": [
       "<div>\n",
       "<style scoped>\n",
       "    .dataframe tbody tr th:only-of-type {\n",
       "        vertical-align: middle;\n",
       "    }\n",
       "\n",
       "    .dataframe tbody tr th {\n",
       "        vertical-align: top;\n",
       "    }\n",
       "\n",
       "    .dataframe thead th {\n",
       "        text-align: right;\n",
       "    }\n",
       "</style>\n",
       "<table border=\"1\" class=\"dataframe\">\n",
       "  <thead>\n",
       "    <tr style=\"text-align: right;\">\n",
       "      <th></th>\n",
       "      <th>Date</th>\n",
       "      <th>High</th>\n",
       "      <th>Low</th>\n",
       "      <th>Open</th>\n",
       "      <th>Close</th>\n",
       "      <th>Volume</th>\n",
       "      <th>Adj Close</th>\n",
       "    </tr>\n",
       "  </thead>\n",
       "  <tbody>\n",
       "    <tr>\n",
       "      <th>0</th>\n",
       "      <td>2017-11-13</td>\n",
       "      <td>43.625000</td>\n",
       "      <td>43.349998</td>\n",
       "      <td>43.375000</td>\n",
       "      <td>43.492500</td>\n",
       "      <td>67928400.0</td>\n",
       "      <td>41.357002</td>\n",
       "    </tr>\n",
       "    <tr>\n",
       "      <th>1</th>\n",
       "      <td>2017-11-14</td>\n",
       "      <td>43.369999</td>\n",
       "      <td>42.794998</td>\n",
       "      <td>43.259998</td>\n",
       "      <td>42.834999</td>\n",
       "      <td>99130000.0</td>\n",
       "      <td>40.731789</td>\n",
       "    </tr>\n",
       "    <tr>\n",
       "      <th>2</th>\n",
       "      <td>2017-11-15</td>\n",
       "      <td>42.580002</td>\n",
       "      <td>42.095001</td>\n",
       "      <td>42.492500</td>\n",
       "      <td>42.270000</td>\n",
       "      <td>116632400.0</td>\n",
       "      <td>40.194534</td>\n",
       "    </tr>\n",
       "    <tr>\n",
       "      <th>3</th>\n",
       "      <td>2017-11-16</td>\n",
       "      <td>42.967499</td>\n",
       "      <td>42.575001</td>\n",
       "      <td>42.794998</td>\n",
       "      <td>42.775002</td>\n",
       "      <td>94550000.0</td>\n",
       "      <td>40.674740</td>\n",
       "    </tr>\n",
       "    <tr>\n",
       "      <th>4</th>\n",
       "      <td>2017-11-17</td>\n",
       "      <td>42.847500</td>\n",
       "      <td>42.410000</td>\n",
       "      <td>42.759998</td>\n",
       "      <td>42.537498</td>\n",
       "      <td>87598000.0</td>\n",
       "      <td>40.448902</td>\n",
       "    </tr>\n",
       "    <tr>\n",
       "      <th>...</th>\n",
       "      <td>...</td>\n",
       "      <td>...</td>\n",
       "      <td>...</td>\n",
       "      <td>...</td>\n",
       "      <td>...</td>\n",
       "      <td>...</td>\n",
       "      <td>...</td>\n",
       "    </tr>\n",
       "    <tr>\n",
       "      <th>1254</th>\n",
       "      <td>2022-11-07</td>\n",
       "      <td>139.149994</td>\n",
       "      <td>135.669998</td>\n",
       "      <td>137.110001</td>\n",
       "      <td>138.919998</td>\n",
       "      <td>83374600.0</td>\n",
       "      <td>138.919998</td>\n",
       "    </tr>\n",
       "    <tr>\n",
       "      <th>1255</th>\n",
       "      <td>2022-11-08</td>\n",
       "      <td>141.429993</td>\n",
       "      <td>137.490005</td>\n",
       "      <td>140.410004</td>\n",
       "      <td>139.500000</td>\n",
       "      <td>89908500.0</td>\n",
       "      <td>139.500000</td>\n",
       "    </tr>\n",
       "    <tr>\n",
       "      <th>1256</th>\n",
       "      <td>2022-11-09</td>\n",
       "      <td>138.550003</td>\n",
       "      <td>134.589996</td>\n",
       "      <td>138.500000</td>\n",
       "      <td>134.869995</td>\n",
       "      <td>74917800.0</td>\n",
       "      <td>134.869995</td>\n",
       "    </tr>\n",
       "    <tr>\n",
       "      <th>1257</th>\n",
       "      <td>2022-11-10</td>\n",
       "      <td>146.869995</td>\n",
       "      <td>139.500000</td>\n",
       "      <td>141.240005</td>\n",
       "      <td>146.869995</td>\n",
       "      <td>118854000.0</td>\n",
       "      <td>146.869995</td>\n",
       "    </tr>\n",
       "    <tr>\n",
       "      <th>1258</th>\n",
       "      <td>2022-11-11</td>\n",
       "      <td>150.009995</td>\n",
       "      <td>144.369995</td>\n",
       "      <td>145.820007</td>\n",
       "      <td>149.699997</td>\n",
       "      <td>93903800.0</td>\n",
       "      <td>149.699997</td>\n",
       "    </tr>\n",
       "  </tbody>\n",
       "</table>\n",
       "<p>1259 rows × 7 columns</p>\n",
       "</div>"
      ],
      "text/plain": [
       "            Date        High         Low        Open       Close       Volume  \\\n",
       "0     2017-11-13   43.625000   43.349998   43.375000   43.492500   67928400.0   \n",
       "1     2017-11-14   43.369999   42.794998   43.259998   42.834999   99130000.0   \n",
       "2     2017-11-15   42.580002   42.095001   42.492500   42.270000  116632400.0   \n",
       "3     2017-11-16   42.967499   42.575001   42.794998   42.775002   94550000.0   \n",
       "4     2017-11-17   42.847500   42.410000   42.759998   42.537498   87598000.0   \n",
       "...          ...         ...         ...         ...         ...          ...   \n",
       "1254  2022-11-07  139.149994  135.669998  137.110001  138.919998   83374600.0   \n",
       "1255  2022-11-08  141.429993  137.490005  140.410004  139.500000   89908500.0   \n",
       "1256  2022-11-09  138.550003  134.589996  138.500000  134.869995   74917800.0   \n",
       "1257  2022-11-10  146.869995  139.500000  141.240005  146.869995  118854000.0   \n",
       "1258  2022-11-11  150.009995  144.369995  145.820007  149.699997   93903800.0   \n",
       "\n",
       "       Adj Close  \n",
       "0      41.357002  \n",
       "1      40.731789  \n",
       "2      40.194534  \n",
       "3      40.674740  \n",
       "4      40.448902  \n",
       "...          ...  \n",
       "1254  138.919998  \n",
       "1255  139.500000  \n",
       "1256  134.869995  \n",
       "1257  146.869995  \n",
       "1258  149.699997  \n",
       "\n",
       "[1259 rows x 7 columns]"
      ]
     },
     "execution_count": 5,
     "metadata": {},
     "output_type": "execute_result"
    }
   ],
   "source": [
    "df.sort_values('Date',ascending=True)"
   ]
  },
  {
   "cell_type": "code",
   "execution_count": 6,
   "id": "8610712c",
   "metadata": {},
   "outputs": [
    {
     "ename": "SyntaxError",
     "evalue": "invalid syntax (1371705599.py, line 1)",
     "output_type": "error",
     "traceback": [
      "\u001b[1;36m  File \u001b[1;32m\"C:\\Users\\smnsr\\AppData\\Local\\Temp\\ipykernel_2296\\1371705599.py\"\u001b[1;36m, line \u001b[1;32m1\u001b[0m\n\u001b[1;33m    df.sort values('Date',ascending=False)\u001b[0m\n\u001b[1;37m            ^\u001b[0m\n\u001b[1;31mSyntaxError\u001b[0m\u001b[1;31m:\u001b[0m invalid syntax\n"
     ]
    }
   ],
   "source": [
    "df.sort values('Date',ascending=False)"
   ]
  },
  {
   "cell_type": "code",
   "execution_count": 7,
   "id": "b3603784",
   "metadata": {},
   "outputs": [
    {
     "data": {
      "text/html": [
       "<div>\n",
       "<style scoped>\n",
       "    .dataframe tbody tr th:only-of-type {\n",
       "        vertical-align: middle;\n",
       "    }\n",
       "\n",
       "    .dataframe tbody tr th {\n",
       "        vertical-align: top;\n",
       "    }\n",
       "\n",
       "    .dataframe thead th {\n",
       "        text-align: right;\n",
       "    }\n",
       "</style>\n",
       "<table border=\"1\" class=\"dataframe\">\n",
       "  <thead>\n",
       "    <tr style=\"text-align: right;\">\n",
       "      <th></th>\n",
       "      <th>Date</th>\n",
       "      <th>High</th>\n",
       "      <th>Low</th>\n",
       "      <th>Open</th>\n",
       "      <th>Close</th>\n",
       "      <th>Volume</th>\n",
       "      <th>Adj Close</th>\n",
       "    </tr>\n",
       "  </thead>\n",
       "  <tbody>\n",
       "    <tr>\n",
       "      <th>1258</th>\n",
       "      <td>2022-11-11</td>\n",
       "      <td>150.009995</td>\n",
       "      <td>144.369995</td>\n",
       "      <td>145.820007</td>\n",
       "      <td>149.699997</td>\n",
       "      <td>93903800.0</td>\n",
       "      <td>149.699997</td>\n",
       "    </tr>\n",
       "    <tr>\n",
       "      <th>1257</th>\n",
       "      <td>2022-11-10</td>\n",
       "      <td>146.869995</td>\n",
       "      <td>139.500000</td>\n",
       "      <td>141.240005</td>\n",
       "      <td>146.869995</td>\n",
       "      <td>118854000.0</td>\n",
       "      <td>146.869995</td>\n",
       "    </tr>\n",
       "    <tr>\n",
       "      <th>1256</th>\n",
       "      <td>2022-11-09</td>\n",
       "      <td>138.550003</td>\n",
       "      <td>134.589996</td>\n",
       "      <td>138.500000</td>\n",
       "      <td>134.869995</td>\n",
       "      <td>74917800.0</td>\n",
       "      <td>134.869995</td>\n",
       "    </tr>\n",
       "    <tr>\n",
       "      <th>1255</th>\n",
       "      <td>2022-11-08</td>\n",
       "      <td>141.429993</td>\n",
       "      <td>137.490005</td>\n",
       "      <td>140.410004</td>\n",
       "      <td>139.500000</td>\n",
       "      <td>89908500.0</td>\n",
       "      <td>139.500000</td>\n",
       "    </tr>\n",
       "    <tr>\n",
       "      <th>1254</th>\n",
       "      <td>2022-11-07</td>\n",
       "      <td>139.149994</td>\n",
       "      <td>135.669998</td>\n",
       "      <td>137.110001</td>\n",
       "      <td>138.919998</td>\n",
       "      <td>83374600.0</td>\n",
       "      <td>138.919998</td>\n",
       "    </tr>\n",
       "    <tr>\n",
       "      <th>...</th>\n",
       "      <td>...</td>\n",
       "      <td>...</td>\n",
       "      <td>...</td>\n",
       "      <td>...</td>\n",
       "      <td>...</td>\n",
       "      <td>...</td>\n",
       "      <td>...</td>\n",
       "    </tr>\n",
       "    <tr>\n",
       "      <th>4</th>\n",
       "      <td>2017-11-17</td>\n",
       "      <td>42.847500</td>\n",
       "      <td>42.410000</td>\n",
       "      <td>42.759998</td>\n",
       "      <td>42.537498</td>\n",
       "      <td>87598000.0</td>\n",
       "      <td>40.448902</td>\n",
       "    </tr>\n",
       "    <tr>\n",
       "      <th>3</th>\n",
       "      <td>2017-11-16</td>\n",
       "      <td>42.967499</td>\n",
       "      <td>42.575001</td>\n",
       "      <td>42.794998</td>\n",
       "      <td>42.775002</td>\n",
       "      <td>94550000.0</td>\n",
       "      <td>40.674740</td>\n",
       "    </tr>\n",
       "    <tr>\n",
       "      <th>2</th>\n",
       "      <td>2017-11-15</td>\n",
       "      <td>42.580002</td>\n",
       "      <td>42.095001</td>\n",
       "      <td>42.492500</td>\n",
       "      <td>42.270000</td>\n",
       "      <td>116632400.0</td>\n",
       "      <td>40.194534</td>\n",
       "    </tr>\n",
       "    <tr>\n",
       "      <th>1</th>\n",
       "      <td>2017-11-14</td>\n",
       "      <td>43.369999</td>\n",
       "      <td>42.794998</td>\n",
       "      <td>43.259998</td>\n",
       "      <td>42.834999</td>\n",
       "      <td>99130000.0</td>\n",
       "      <td>40.731789</td>\n",
       "    </tr>\n",
       "    <tr>\n",
       "      <th>0</th>\n",
       "      <td>2017-11-13</td>\n",
       "      <td>43.625000</td>\n",
       "      <td>43.349998</td>\n",
       "      <td>43.375000</td>\n",
       "      <td>43.492500</td>\n",
       "      <td>67928400.0</td>\n",
       "      <td>41.357002</td>\n",
       "    </tr>\n",
       "  </tbody>\n",
       "</table>\n",
       "<p>1259 rows × 7 columns</p>\n",
       "</div>"
      ],
      "text/plain": [
       "            Date        High         Low        Open       Close       Volume  \\\n",
       "1258  2022-11-11  150.009995  144.369995  145.820007  149.699997   93903800.0   \n",
       "1257  2022-11-10  146.869995  139.500000  141.240005  146.869995  118854000.0   \n",
       "1256  2022-11-09  138.550003  134.589996  138.500000  134.869995   74917800.0   \n",
       "1255  2022-11-08  141.429993  137.490005  140.410004  139.500000   89908500.0   \n",
       "1254  2022-11-07  139.149994  135.669998  137.110001  138.919998   83374600.0   \n",
       "...          ...         ...         ...         ...         ...          ...   \n",
       "4     2017-11-17   42.847500   42.410000   42.759998   42.537498   87598000.0   \n",
       "3     2017-11-16   42.967499   42.575001   42.794998   42.775002   94550000.0   \n",
       "2     2017-11-15   42.580002   42.095001   42.492500   42.270000  116632400.0   \n",
       "1     2017-11-14   43.369999   42.794998   43.259998   42.834999   99130000.0   \n",
       "0     2017-11-13   43.625000   43.349998   43.375000   43.492500   67928400.0   \n",
       "\n",
       "       Adj Close  \n",
       "1258  149.699997  \n",
       "1257  146.869995  \n",
       "1256  134.869995  \n",
       "1255  139.500000  \n",
       "1254  138.919998  \n",
       "...          ...  \n",
       "4      40.448902  \n",
       "3      40.674740  \n",
       "2      40.194534  \n",
       "1      40.731789  \n",
       "0      41.357002  \n",
       "\n",
       "[1259 rows x 7 columns]"
      ]
     },
     "execution_count": 7,
     "metadata": {},
     "output_type": "execute_result"
    }
   ],
   "source": [
    "df.sort_values('Date',ascending=False)"
   ]
  },
  {
   "cell_type": "code",
   "execution_count": 8,
   "id": "e682f2ec",
   "metadata": {},
   "outputs": [],
   "source": [
    "df['zero_difference'] = df['Close']-df['Adj Close']"
   ]
  },
  {
   "cell_type": "code",
   "execution_count": 9,
   "id": "71fc7387",
   "metadata": {},
   "outputs": [
    {
     "name": "stdout",
     "output_type": "stream",
     "text": [
      "            Date        High         Low        Open       Close       Volume  \\\n",
      "0     2017-11-13   43.625000   43.349998   43.375000   43.492500   67928400.0   \n",
      "1     2017-11-14   43.369999   42.794998   43.259998   42.834999   99130000.0   \n",
      "2     2017-11-15   42.580002   42.095001   42.492500   42.270000  116632400.0   \n",
      "3     2017-11-16   42.967499   42.575001   42.794998   42.775002   94550000.0   \n",
      "4     2017-11-17   42.847500   42.410000   42.759998   42.537498   87598000.0   \n",
      "...          ...         ...         ...         ...         ...          ...   \n",
      "1254  2022-11-07  139.149994  135.669998  137.110001  138.919998   83374600.0   \n",
      "1255  2022-11-08  141.429993  137.490005  140.410004  139.500000   89908500.0   \n",
      "1256  2022-11-09  138.550003  134.589996  138.500000  134.869995   74917800.0   \n",
      "1257  2022-11-10  146.869995  139.500000  141.240005  146.869995  118854000.0   \n",
      "1258  2022-11-11  150.009995  144.369995  145.820007  149.699997   93903800.0   \n",
      "\n",
      "       Adj Close  zero_difference  \n",
      "0      41.357002         2.135498  \n",
      "1      40.731789         2.103210  \n",
      "2      40.194534         2.075466  \n",
      "3      40.674740         2.100262  \n",
      "4      40.448902         2.088596  \n",
      "...          ...              ...  \n",
      "1254  138.919998         0.000000  \n",
      "1255  139.500000         0.000000  \n",
      "1256  134.869995         0.000000  \n",
      "1257  146.869995         0.000000  \n",
      "1258  149.699997         0.000000  \n",
      "\n",
      "[1259 rows x 8 columns]\n"
     ]
    }
   ],
   "source": [
    "print(df)"
   ]
  },
  {
   "cell_type": "code",
   "execution_count": 10,
   "id": "cbe93909",
   "metadata": {},
   "outputs": [
    {
     "data": {
      "text/html": [
       "<div>\n",
       "<style scoped>\n",
       "    .dataframe tbody tr th:only-of-type {\n",
       "        vertical-align: middle;\n",
       "    }\n",
       "\n",
       "    .dataframe tbody tr th {\n",
       "        vertical-align: top;\n",
       "    }\n",
       "\n",
       "    .dataframe thead th {\n",
       "        text-align: right;\n",
       "    }\n",
       "</style>\n",
       "<table border=\"1\" class=\"dataframe\">\n",
       "  <thead>\n",
       "    <tr style=\"text-align: right;\">\n",
       "      <th></th>\n",
       "      <th>Date</th>\n",
       "      <th>High</th>\n",
       "      <th>Low</th>\n",
       "      <th>Open</th>\n",
       "      <th>Close</th>\n",
       "      <th>Volume</th>\n",
       "      <th>Adj Close</th>\n",
       "      <th>zero_difference</th>\n",
       "    </tr>\n",
       "  </thead>\n",
       "  <tbody>\n",
       "    <tr>\n",
       "      <th>1253</th>\n",
       "      <td>2022-11-04</td>\n",
       "      <td>142.669998</td>\n",
       "      <td>134.380005</td>\n",
       "      <td>142.089996</td>\n",
       "      <td>138.380005</td>\n",
       "      <td>140716700.0</td>\n",
       "      <td>138.380005</td>\n",
       "      <td>0.0</td>\n",
       "    </tr>\n",
       "    <tr>\n",
       "      <th>1254</th>\n",
       "      <td>2022-11-07</td>\n",
       "      <td>139.149994</td>\n",
       "      <td>135.669998</td>\n",
       "      <td>137.110001</td>\n",
       "      <td>138.919998</td>\n",
       "      <td>83374600.0</td>\n",
       "      <td>138.919998</td>\n",
       "      <td>0.0</td>\n",
       "    </tr>\n",
       "    <tr>\n",
       "      <th>1255</th>\n",
       "      <td>2022-11-08</td>\n",
       "      <td>141.429993</td>\n",
       "      <td>137.490005</td>\n",
       "      <td>140.410004</td>\n",
       "      <td>139.500000</td>\n",
       "      <td>89908500.0</td>\n",
       "      <td>139.500000</td>\n",
       "      <td>0.0</td>\n",
       "    </tr>\n",
       "    <tr>\n",
       "      <th>1256</th>\n",
       "      <td>2022-11-09</td>\n",
       "      <td>138.550003</td>\n",
       "      <td>134.589996</td>\n",
       "      <td>138.500000</td>\n",
       "      <td>134.869995</td>\n",
       "      <td>74917800.0</td>\n",
       "      <td>134.869995</td>\n",
       "      <td>0.0</td>\n",
       "    </tr>\n",
       "    <tr>\n",
       "      <th>1257</th>\n",
       "      <td>2022-11-10</td>\n",
       "      <td>146.869995</td>\n",
       "      <td>139.500000</td>\n",
       "      <td>141.240005</td>\n",
       "      <td>146.869995</td>\n",
       "      <td>118854000.0</td>\n",
       "      <td>146.869995</td>\n",
       "      <td>0.0</td>\n",
       "    </tr>\n",
       "    <tr>\n",
       "      <th>1258</th>\n",
       "      <td>2022-11-11</td>\n",
       "      <td>150.009995</td>\n",
       "      <td>144.369995</td>\n",
       "      <td>145.820007</td>\n",
       "      <td>149.699997</td>\n",
       "      <td>93903800.0</td>\n",
       "      <td>149.699997</td>\n",
       "      <td>0.0</td>\n",
       "    </tr>\n",
       "  </tbody>\n",
       "</table>\n",
       "</div>"
      ],
      "text/plain": [
       "            Date        High         Low        Open       Close       Volume  \\\n",
       "1253  2022-11-04  142.669998  134.380005  142.089996  138.380005  140716700.0   \n",
       "1254  2022-11-07  139.149994  135.669998  137.110001  138.919998   83374600.0   \n",
       "1255  2022-11-08  141.429993  137.490005  140.410004  139.500000   89908500.0   \n",
       "1256  2022-11-09  138.550003  134.589996  138.500000  134.869995   74917800.0   \n",
       "1257  2022-11-10  146.869995  139.500000  141.240005  146.869995  118854000.0   \n",
       "1258  2022-11-11  150.009995  144.369995  145.820007  149.699997   93903800.0   \n",
       "\n",
       "       Adj Close  zero_difference  \n",
       "1253  138.380005              0.0  \n",
       "1254  138.919998              0.0  \n",
       "1255  139.500000              0.0  \n",
       "1256  134.869995              0.0  \n",
       "1257  146.869995              0.0  \n",
       "1258  149.699997              0.0  "
      ]
     },
     "execution_count": 10,
     "metadata": {},
     "output_type": "execute_result"
    }
   ],
   "source": [
    "df[df['zero_difference']==0]"
   ]
  },
  {
   "cell_type": "code",
   "execution_count": 11,
   "id": "522204c1",
   "metadata": {},
   "outputs": [
    {
     "data": {
      "text/plain": [
       "34.30958938598633"
      ]
     },
     "execution_count": 11,
     "metadata": {},
     "output_type": "execute_result"
    }
   ],
   "source": [
    "df['Adj Close'].min()"
   ]
  },
  {
   "cell_type": "code",
   "execution_count": 12,
   "id": "30195859",
   "metadata": {},
   "outputs": [
    {
     "data": {
      "text/plain": [
       "180.9597320556641"
      ]
     },
     "execution_count": 12,
     "metadata": {},
     "output_type": "execute_result"
    }
   ],
   "source": [
    "df['Adj Close'].max()"
   ]
  },
  {
   "cell_type": "code",
   "execution_count": 13,
   "id": "bf2a21bf",
   "metadata": {},
   "outputs": [
    {
     "data": {
      "text/plain": [
       "34.30958938598633"
      ]
     },
     "execution_count": 13,
     "metadata": {},
     "output_type": "execute_result"
    }
   ],
   "source": [
    "df ['Adj Close'].min()"
   ]
  },
  {
   "cell_type": "code",
   "execution_count": 14,
   "id": "ef4a6342",
   "metadata": {},
   "outputs": [
    {
     "data": {
      "text/plain": [
       "94.17366393546058"
      ]
     },
     "execution_count": 14,
     "metadata": {},
     "output_type": "execute_result"
    }
   ],
   "source": [
    "df ['Adj Close'].mean()"
   ]
  },
  {
   "cell_type": "code",
   "execution_count": 15,
   "id": "622cf3dd",
   "metadata": {},
   "outputs": [
    {
     "data": {
      "text/plain": [
       "78.63384246826172"
      ]
     },
     "execution_count": 15,
     "metadata": {},
     "output_type": "execute_result"
    }
   ],
   "source": [
    "df ['Adj Close'].median()"
   ]
  },
  {
   "cell_type": "code",
   "execution_count": 16,
   "id": "70c9a165",
   "metadata": {},
   "outputs": [
    {
     "ename": "TypeError",
     "evalue": "reduction operation 'argmax' not allowed for this dtype",
     "output_type": "error",
     "traceback": [
      "\u001b[1;31m---------------------------------------------------------------------------\u001b[0m",
      "\u001b[1;31mTypeError\u001b[0m                                 Traceback (most recent call last)",
      "\u001b[1;32m~\\AppData\\Local\\Temp\\ipykernel_2296\\2582465844.py\u001b[0m in \u001b[0;36m<module>\u001b[1;34m\u001b[0m\n\u001b[1;32m----> 1\u001b[1;33m \u001b[0mdf\u001b[0m\u001b[1;33m.\u001b[0m\u001b[0midxmax\u001b[0m\u001b[1;33m(\u001b[0m\u001b[1;33m)\u001b[0m\u001b[1;33m\u001b[0m\u001b[1;33m\u001b[0m\u001b[0m\n\u001b[0m",
